133,5
151,4
151,3
151,2
151,1
151,0
150,57
150,56
150,55
150,54
150,53
150,52
150,51
150,50
150,49
150,48
150,47
150,46
150,45
150,44
150,43
14,10
0,454
150,42
150,41
150,40
150,39
150,38
150,37
150,36
150,35
3,2
3,1
3,3
10,172
10,254
10,80
10,274
10,8
10,198
10,168
10,266
10,2
10,3
11,13
11,14
11,18
11,21
11,17
11,11
9,7
9,2
9,3
8,17
8,2
138,3
8,3
138,1
0,319
137,3
137,1
133,3
133,1
119,3
119,1
117,3
117,1
112,3
112,1
54,3
54,1
53,3
53,1
52,3
52,1
51,3
51,1
50,3
50,1
49,3
49,1
48,3
48,1
47,3
47,1
46,3
46,1
41,3
41,1
40,3
40,1
39,3
39,1
38,3
38,1
37,3
37,1
36,3
36,1
35,3
35,1
34,3
34,1
33,4
33,3
33,1
32,4
32,1
32,3
20,3
20,2
20,1
19,3
19,2
19,1
14,6
14,0
18,1
12,3
18,3
12,2
12,1
